Algodon,Poliester,Lana,Elastano,Viscosa,Nylon,Seda,Fibra,Peso
79.91,2.87,0.0,5.95,9.93,0.0,0.0,1.33,6.11
93.11,6.89,0.0,0.0,0.0,0.0,0.0,0.0,4.63
1.58,5.94,49.34,7.64,3.36,7.81,24.33,0.0,2.76
13.99,0.35,37.75,3.7,4.5,5.42,34.3,0.0,2.01
84.02,6.15,0.0,1.54,5.72,0.0,0.0,2.57,6.27
42.74,41.05,4.83,2.05,6.09,1.98,0.0,1.26,3.81
27.68,13.9,32.37,1.5,4.51,4.07,15.96,0.0,2.37
59.45,27.86,2.54,0.04,6.19,0.55,0.0,3.38,4.81
98.34,1.66,0.0,0.0,0.0,0.0,0.0,0.0,5.77
8.0,59.15,0.0,12.39,2.57,13.8,0.0,4.1,3.07
91.5,8.5,0.0,0.0,0.0,0.0,0.0,0.0,7.22
42.23,4.98,18.09,7.67,7.72,6.75,12.56,0.0,1.22
86.13,2.37,0.0,0.48,7.98,0.0,0.0,3.05,6.74
75.87,14.24,0.0,1.46,5.34,0.0,0.0,3.08,3.84
15.28,17.07,30.75,1.08,8.3,6.36,21.16,0.0,2.62
48.18,34.08,0.58,5.41,7.58,2.39,0.0,1.79,4.26
91.64,8.36,0.0,0.0,0.0,0.0,0.0,0.0,4.23
0.85,66.8,0.0,13.03,4.63,10.01,0.0,4.68,2.0
75.42,15.52,0.0,3.04,2.03,0.0,0.0,3.99,3.13
14.8,48.91,0.0,14.32,4.89,11.72,0.0,5.36,3.16
13.18,65.69,0.0,5.55,1.05,9.62,0.0,4.91,3.52
81.27,14.31,0.0,1.61,1.84,0.0,0.0,0.98,3.11
90.28,9.72,0.0,0.0,0.0,0.0,0.0,0.0,4.87
24.6,20.16,36.41,2.25,3.89,2.56,10.13,0.0,2.81
23.85,44.94,0.0,12.87,2.94,14.81,0.0,0.59,3.0
9.75,63.63,0.0,14.23,0.6,7.12,0.0,4.67,3.14
10.57,58.45,0.0,9.14,3.49,18.15,0.0,0.21,3.14
24.62,21.62,27.17,2.58,2.36,7.96,13.7,0.0,1.51
51.96,26.86,4.55,3.95,8.19,1.77,0.0,2.72,2.81
18.28,46.88,0.0,13.28,4.33,15.01,0.0,2.21,3.25
58.46,33.22,1.12,4.81,0.88,0.96,0.0,0.55,3.55
38.14,42.69,3.52,1.51,9.38,2.5,0.0,2.25,3.09
75.95,6.06,0.0,4.95,11.08,0.0,0.0,1.96,6.32
53.33,25.59,3.33,0.78,12.21,1.8,0.0,2.96,4.14
79.89,11.36,0.0,0.19,7.97,0.0,0.0,0.59,3.57
98.46,1.54,0.0,0.0,0.0,0.0,0.0,0.0,6.07
3.34,47.41,0.0,20.88,6.25,20.38,0.0,1.74,3.78
1.79,60.45,0.0,22.17,2.12,11.27,0.0,2.19,3.38
91.3,8.7,0.0,0.0,0.0,0.0,0.0,0.0,4.43
94.69,5.31,0.0,0.0,0.0,0.0,0.0,0.0,6.66
62.22,26.1,3.88,2.51,0.64,4.07,0.0,0.58,3.25
93.23,6.77,0.0,0.0,0.0,0.0,0.0,0.0,5.41
83.64,4.11,0.0,0.66,8.31,0.0,0.0,3.28,4.15
22.45,22.49,19.45,1.89,9.15,0.48,24.09,0.0,2.21
73.61,19.02,0.0,0.72,4.98,0.0,0.0,1.67,3.04
44.29,48.03,1.16,0.69,4.18,1.46,0.0,0.18,4.08
77.1,11.49,0.0,3.74,2.93,0.0,0.0,4.74,4.38
38.2,52.51,3.01,3.02,0.18,1.98,0.0,1.1,2.91
96.01,3.99,0.0,0.0,0.0,0.0,0.0,0.0,6.31
5.79,17.74,26.53,1.85,7.88,9.69,30.54,0.0,1.66
98.21,1.79,0.0,0.0,0.0,0.0,0.0,0.0,4.32
98.98,1.02,0.0,0.0,0.0,0.0,0.0,0.0,5.2
1.08,22.46,20.0,2.1,12.33,5.99,36.04,0.0,2.81
74.35,12.55,0.0,3.96,5.19,0.0,0.0,3.95,5.6
18.26,59.5,0.0,6.03,1.4,13.26,0.0,1.55,3.41
47.55,33.63,4.05,1.34,8.64,1.48,0.0,3.31,5.24
91.58,1.95,0.0,0.13,3.06,0.0,0.0,3.28,6.92
46.96,41.76,1.07,2.36,4.33,1.94,0.0,1.59,2.84
96.65,3.35,0.0,0.0,0.0,0.0,0.0,0.0,6.34
92.66,7.34,0.0,0.0,0.0,0.0,0.0,0.0,7.6
89.02,0.16,0.0,3.81,5.38,0.0,0.0,1.63,6.91
11.24,54.46,0.0,12.0,1.53,16.59,0.0,4.18,2.64
24.81,47.0,0.0,13.56,2.56,9.8,0.0,2.27,2.07
97.74,2.26,0.0,0.0,0.0,0.0,0.0,0.0,6.92
1.87,44.87,30.15,1.2,1.59,9.98,10.34,0.0,2.45
83.76,4.2,0.0,2.52,7.52,0.0,0.0,1.99,6.32
21.1,22.83,28.49,3.51,9.88,5.18,9.0,0.0,2.55
28.55,4.68,48.53,0.14,6.59,2.9,8.62,0.0,1.96
76.46,13.23,0.0,1.66,4.7,0.0,0.0,3.95,3.58
97.93,2.07,0.0,0.0,0.0,0.0,0.0,0.0,7.91
24.83,45.35,0.0,12.25,2.35,13.09,0.0,2.13,2.99
92.81,7.19,0.0,0.0,0.0,0.0,0.0,0.0,4.65
38.62,43.4,2.81,3.89,8.67,0.83,0.0,1.77,2.7
91.49,0.31,0.0,1.1,0.97,0.0,0.0,6.14,3.74
32.39,31.65,12.97,4.91,4.08,5.59,8.39,0.0,2.92
98.25,1.75,0.0,0.0,0.0,0.0,0.0,0.0,4.32
3.25,33.88,16.55,1.72,4.54,6.92,33.14,0.0,1.63
22.98,49.41,0.0,14.76,2.72,6.69,0.0,3.44,3.93
0.25,61.68,0.0,23.38,0.29,8.46,0.0,5.94,3.33
6.25,20.41,37.59,0.6,5.53,0.67,28.95,0.0,1.56
90.43,9.57,0.0,0.0,0.0,0.0,0.0,0.0,6.64
77.28,10.28,0.0,3.88,4.49,0.0,0.0,4.08,4.28
99.48,0.52,0.0,0.0,0.0,0.0,0.0,0.0,4.11
16.82,3.63,24.05,6.18,11.41,14.44,23.48,0.0,1.7
92.28,7.72,0.0,0.0,0.0,0.0,0.0,0.0,5.78
90.54,9.46,0.0,0.0,0.0,0.0,0.0,0.0,4.31
57.12,32.68,0.34,1.0,3.93,3.11,0.0,1.82,3.24
69.04,18.43,0.0,0.93,8.2,0.0,0.0,3.38,5.79
37.45,47.31,1.57,2.02,8.1,1.1,0.0,2.44,3.11
63.42,27.63,4.15,0.09,0.73,0.08,0.0,3.91,5.04
95.45,4.55,0.0,0.0,0.0,0.0,0.0,0.0,7.42
99.99,0.01,0.0,0.0,0.0,0.0,0.0,0.0,5.07
2.68,64.04,0.0,17.29,3.19,12.32,0.0,0.48,2.31
79.36,4.67,0.0,3.44,10.26,0.0,0.0,2.27,6.1
96.99,3.01,0.0,0.0,0.0,0.0,0.0,0.0,5.05
1.74,64.68,0.0,9.33,4.42,15.15,0.0,4.69,3.39
4.63,11.73,41.82,5.11,9.16,3.47,24.09,0.0,2.01
73.84,15.36,0.0,3.98,2.73,0.0,0.0,4.1,4.91
3.16,63.21,0.0,15.43,2.03,13.65,0.0,2.52,2.56
54.36,26.76,3.33,5.9,4.77,3.77,0.0,1.12,4.45
48.72,35.85,4.77,4.11,2.03,0.31,0.0,4.21,3.93
11.44,16.69,38.65,0.32,0.71,5.3,26.89,0.0,2.4
14.2,56.28,0.0,15.59,0.58,10.69,0.0,2.67,3.53
93.46,6.54,0.0,0.0,0.0,0.0,0.0,0.0,6.78
31.09,4.0,17.92,2.22,5.98,9.42,29.36,0.0,1.63
7.64,53.04,0.0,17.17,1.97,15.72,0.0,4.46,2.89
97.3,2.7,0.0,0.0,0.0,0.0,0.0,0.0,5.68
21.43,52.65,0.0,10.08,1.05,14.74,0.0,0.04,3.38
23.53,48.33,0.0,10.07,4.12,12.85,0.0,1.11,2.09
9.63,30.76,15.59,4.63,5.26,3.82,30.31,0.0,1.8
93.5,6.5,0.0,0.0,0.0,0.0,0.0,0.0,4.26
10.25,45.22,0.0,18.69,4.67,17.32,0.0,3.84,2.26
10.28,45.47,0.0,18.92,2.05,18.32,0.0,4.97,2.66
2.24,49.22,0.0,26.16,7.18,13.76,0.0,1.44,2.36
32.49,1.27,15.91,5.18,11.66,12.18,21.31,0.0,2.49
0.77,63.65,0.0,15.9,1.22,16.92,0.0,1.54,2.08
86.07,8.36,0.0,0.57,0.55,0.0,0.0,4.45,3.93
79.11,17.23,0.0,1.62,1.01,0.0,0.0,1.03,3.58
56.96,29.41,3.66,1.84,2.59,2.36,0.0,3.18,4.84
18.16,47.58,0.0,14.77,0.69,13.91,0.0,4.89,2.77
10.92,56.52,0.0,9.96,1.61,16.82,0.0,4.16,3.18
33.95,35.3,0.0,7.59,3.39,16.65,0.0,3.11,3.4
94.25,5.75,0.0,0.0,0.0,0.0,0.0,0.0,7.03
55.84,36.03,0.72,4.88,2.03,0.09,0.0,0.4,3.56
5.17,43.18,0.0,28.04,2.65,13.9,0.0,7.05,2.77
44.36,40.63,0.41,1.81,6.85,0.5,0.0,5.44,4.31
36.93,41.73,2.84,3.69,8.23,4.79,0.0,1.8,4.65
25.07,32.45,15.2,3.69,1.8,8.62,13.17,0.0,2.62
91.58,8.42,0.0,0.0,0.0,0.0,0.0,0.0,5.55
18.68,59.4,0.0,9.1,4.39,6.34,0.0,2.1,3.58
87.64,2.62,0.0,3.92,3.06,0.0,0.0,2.76,4.91
7.85,9.38,43.49,5.24,7.52,6.4,20.13,0.0,1.0
81.35,10.34,0.0,0.89,7.24,0.0,0.0,0.18,4.03
15.47,9.86,32.82,0.55,8.77,5.36,27.17,0.0,1.65
85.86,4.09,0.0,4.49,1.42,0.0,0.0,4.13,4.89
18.8,19.11,36.38,1.07,0.58,4.75,19.31,0.0,1.97
77.62,10.71,0.0,2.42,3.69,0.0,0.0,5.56,6.39
47.61,27.2,4.49,3.24,10.7,5.41,0.0,1.36,3.72
84.56,0.35,0.0,3.43,8.97,0.0,0.0,2.7,5.86
28.36,36.91,0.0,19.56,1.05,8.69,0.0,5.44,3.61
11.49,16.67,38.92,4.51,9.44,9.18,9.79,0.0,2.37
55.95,30.18,0.13,5.04,1.57,2.57,0.0,4.56,4.55
24.17,45.33,0.0,8.97,0.17,17.1,0.0,4.26,3.12
77.71,8.96,0.0,1.33,8.82,0.0,0.0,3.18,6.23
71.71,12.41,0.0,5.26,10.35,0.0,0.0,0.27,6.64
20.21,37.1,0.0,15.23,4.26,19.0,0.0,4.18,3.03
63.46,19.55,0.68,3.39,9.12,0.19,0.0,3.61,3.7
11.98,55.22,0.0,10.76,3.54,17.61,0.0,0.88,2.64
85.23,7.44,0.0,0.73,3.81,0.0,0.0,2.79,3.16
84.45,9.76,0.0,2.96,0.83,0.0,0.0,2.0,6.23
85.05,9.83,0.0,1.47,1.79,0.0,0.0,1.85,5.17
93.95,6.05,0.0,0.0,0.0,0.0,0.0,0.0,6.88
92.42,3.67,0.0,2.32,1.59,0.0,0.0,0.0,3.36
90.39,9.61,0.0,0.0,0.0,0.0,0.0,0.0,4.58
41.54,43.64,0.53,1.45,6.02,3.97,0.0,2.85,5.06
21.67,50.39,0.0,10.58,3.17,11.46,0.0,2.74,2.66
97.07,2.93,0.0,0.0,0.0,0.0,0.0,0.0,4.13
50.5,38.79,3.4,1.44,0.53,3.53,0.0,1.81,5.3
95.17,4.83,0.0,0.0,0.0,0.0,0.0,0.0,5.16
22.59,49.47,0.0,12.1,3.79,11.97,0.0,0.06,2.7
91.28,8.72,0.0,0.0,0.0,0.0,0.0,0.0,6.11
19.26,19.86,33.24,5.27,1.47,9.17,11.73,0.0,1.66
14.95,2.92,53.16,2.38,3.04,14.15,9.39,0.0,1.26
80.39,4.67,0.0,3.64,8.42,0.0,0.0,2.88,4.31
75.34,4.38,0.0,4.84,10.66,0.0,0.0,4.78,5.77
10.25,55.97,0.0,18.15,0.83,14.67,0.0,0.12,3.65
99.33,0.67,0.0,0.0,0.0,0.0,0.0,0.0,7.62
93.83,6.17,0.0,0.0,0.0,0.0,0.0,0.0,7.43
81.51,13.73,0.0,2.62,2.07,0.0,0.0,0.06,4.67
95.84,4.16,0.0,0.0,0.0,0.0,0.0,0.0,5.45
94.64,5.36,0.0,0.0,0.0,0.0,0.0,0.0,4.21
18.78,21.42,19.97,5.63,5.14,3.3,25.77,0.0,2.61
48.06,38.17,2.88,0.72,5.43,1.3,0.0,3.44,5.14
59.1,24.72,2.67,1.11,6.45,3.24,0.0,2.72,2.55
23.92,24.82,20.84,1.94,2.04,8.59,17.85,0.0,2.82
21.09,6.87,43.71,4.38,0.46,11.18,12.31,0.0,1.89
20.99,2.93,32.33,2.58,5.77,6.48,28.92,0.0,2.43
47.96,33.7,1.07,3.2,5.08,4.61,0.0,4.36,5.41
37.5,43.74,0.46,3.64,8.9,1.23,0.0,4.53,3.89
95.4,4.6,0.0,0.0,0.0,0.0,0.0,0.0,6.45
55.71,29.54,2.86,4.77,2.52,3.31,0.0,1.29,4.59
75.3,16.3,0.0,0.78,4.94,0.0,0.0,2.68,4.74
94.31,5.69,0.0,0.0,0.0,0.0,0.0,0.0,4.13
26.33,16.25,22.69,1.35,7.26,1.02,25.11,0.0,1.69
78.4,9.4,0.0,1.58,8.5,0.0,0.0,2.12,6.78
84.8,3.59,0.0,4.66,2.45,0.0,0.0,4.5,5.59
97.31,2.69,0.0,0.0,0.0,0.0,0.0,0.0,6.22
73.84,14.73,0.0,2.63,7.82,0.0,0.0,0.98,5.17
26.42,15.05,35.39,4.19,1.49,1.11,16.35,0.0,1.52
63.52,18.3,0.0,4.68,9.1,0.0,0.0,4.4,5.67
15.81,59.26,0.0,6.74,0.99,15.78,0.0,1.42,2.03
86.06,2.18,0.0,2.19,7.67,0.0,0.0,1.89,4.06
95.77,4.23,0.0,0.0,0.0,0.0,0.0,0.0,4.33
99.89,0.11,0.0,0.0,0.0,0.0,0.0,0.0,5.13
92.35,7.65,0.0,0.0,0.0,0.0,0.0,0.0,4.42
91.6,8.4,0.0,0.0,0.0,0.0,0.0,0.0,4.77
1.1,60.44,0.0,22.06,0.02,13.63,0.0,2.75,3.62
63.47,24.71,0.35,0.54,7.47,2.38,0.0,1.09,4.5
94.92,5.08,0.0,0.0,0.0,0.0,0.0,0.0,4.58
33.54,31.73,12.4,4.07,1.59,1.11,15.56,0.0,1.64
90.44,4.39,0.0,2.71,2.19,0.0,0.0,0.27,4.91
78.86,13.89,0.0,2.14,1.52,0.0,0.0,3.59,3.81
15.89,60.75,0.0,9.03,2.44,8.88,0.0,3.02,2.57
49.02,34.99,1.32,4.55,6.27,0.02,0.0,3.82,3.2
25.02,40.95,0.0,13.52,5.72,9.28,0.0,5.52,3.16
97.49,2.51,0.0,0.0,0.0,0.0,0.0,0.0,6.22
26.39,38.95,0.0,10.5,4.8,16.19,0.0,3.17,3.83
77.0,9.38,0.0,2.36,9.32,0.0,0.0,1.94,3.66
95.06,4.94,0.0,0.0,0.0,0.0,0.0,0.0,5.33
23.95,39.94,0.0,17.25,4.92,11.89,0.0,2.04,3.45
13.14,58.34,0.0,14.13,3.17,10.44,0.0,0.77,2.52
78.94,11.05,0.0,1.35,7.37,0.0,0.0,1.28,3.5
69.48,23.09,1.14,3.16,1.17,0.45,0.0,1.51,5.14
76.44,11.93,0.0,4.86,3.19,0.0,0.0,3.59,3.65
33.25,9.1,28.16,0.22,11.4,10.39,7.48,0.0,2.65
98.04,1.96,0.0,0.0,0.0,0.0,0.0,0.0,5.43
49.98,34.8,1.72,3.12,6.51,1.51,0.0,2.34,2.66
94.9,5.1,0.0,0.0,0.0,0.0,0.0,0.0,5.65
51.77,37.99,1.97,1.49,2.55,0.63,0.0,3.6,5.31
67.01,28.15,1.16,0.85,1.53,1.0,0.0,0.3,4.61
9.82,44.34,0.0,15.14,4.86,21.9,0.0,3.94,2.38
33.26,52.84,3.73,5.35,1.2,1.0,0.0,2.62,3.05
50.3,33.65,3.66,2.83,7.52,1.68,0.0,0.37,2.92
13.88,32.88,30.55,3.99,4.84,0.92,12.94,0.0,1.17
76.17,4.62,0.0,5.43,9.71,0.0,0.0,4.08,3.1
33.95,21.03,30.55,3.27,0.72,2.05,8.42,0.0,2.91
31.6,7.03,23.12,2.88,10.31,8.97,16.1,0.0,1.32
92.13,7.87,0.0,0.0,0.0,0.0,0.0,0.0,7.28
89.49,3.75,0.0,1.22,3.75,0.0,0.0,1.8,6.69
99.31,0.69,0.0,0.0,0.0,0.0,0.0,0.0,5.55
48.25,41.72,2.21,1.32,3.39,2.42,0.0,0.69,3.53
79.02,12.26,0.0,0.53,4.93,0.0,0.0,3.27,3.05
82.49,7.34,0.0,0.3,7.18,0.0,0.0,2.7,3.39
97.07,2.93,0.0,0.0,0.0,0.0,0.0,0.0,6.51
99.03,0.97,0.0,0.0,0.0,0.0,0.0,0.0,5.3
54.92,28.82,2.88,3.84,5.58,1.48,0.0,2.49,5.24
23.07,20.93,19.34,1.08,5.4,6.09,24.08,0.0,2.27
70.73,17.29,0.0,3.52,5.92,0.0,0.0,2.54,6.61
77.78,18.61,0.0,0.51,2.52,0.0,0.0,0.58,3.84
95.06,4.94,0.0,0.0,0.0,0.0,0.0,0.0,7.03
18.8,20.84,27.52,3.41,3.94,5.94,19.55,0.0,1.87
78.26,11.42,0.0,0.25,6.8,0.0,0.0,3.27,5.49
74.55,15.77,0.0,1.56,4.11,0.0,0.0,4.01,6.14
47.68,40.3,1.89,2.35,6.1,0.74,0.0,0.95,4.23
97.54,2.46,0.0,0.0,0.0,0.0,0.0,0.0,5.88
92.17,7.83,0.0,0.0,0.0,0.0,0.0,0.0,6.32
93.34,6.66,0.0,0.0,0.0,0.0,0.0,0.0,5.11
11.15,7.42,28.33,2.32,12.59,12.33,25.87,0.0,1.46
45.33,43.98,0.27,1.33,5.95,1.43,0.0,1.71,2.73
90.23,9.77,0.0,0.0,0.0,0.0,0.0,0.0,6.58
46.38,39.91,3.26,1.74,6.31,0.83,0.0,1.57,2.76
38.3,32.34,4.07,4.86,11.72,3.4,0.0,5.31,3.04
75.82,12.1,0.0,3.17,6.04,0.0,0.0,2.87,6.47
73.9,6.42,0.0,3.33,11.16,0.0,0.0,5.2,5.94
98.64,1.36,0.0,0.0,0.0,0.0,0.0,0.0,7.78
88.72,1.74,0.0,3.29,2.99,0.0,0.0,3.26,4.02
74.15,10.91,0.0,3.68,7.41,0.0,0.0,3.85,4.41
68.98,19.47,0.0,4.97,1.4,0.0,0.0,5.18,5.65
85.64,5.83,0.0,3.92,4.5,0.0,0.0,0.12,5.93
45.56,40.28,0.42,2.03,5.58,2.53,0.0,3.61,4.27
2.52,72.31,0.0,7.48,0.12,11.94,0.0,5.63,2.35
16.24,8.14,24.58,2.2,9.18,9.33,30.33,0.0,2.76
49.05,40.88,0.25,4.17,1.78,0.85,0.0,3.03,4.76
10.67,54.42,0.0,17.43,3.33,10.81,0.0,3.33,3.24
95.16,4.84,0.0,0.0,0.0,0.0,0.0,0.0,5.42
22.25,3.98,40.12,4.73,6.39,6.39,16.14,0.0,2.13
72.61,15.17,0.0,1.29,7.4,0.0,0.0,3.53,5.84
66.17,20.0,0.0,0.59,9.17,0.0,0.0,4.08,5.34
77.64,13.01,0.0,1.04,4.47,0.0,0.0,3.84,3.68
20.31,32.15,24.86,1.6,5.64,7.12,8.32,0.0,2.42
97.37,2.63,0.0,0.0,0.0,0.0,0.0,0.0,5.35
88.18,11.82,0.0,0.0,0.0,0.0,0.0,0.0,7.92
24.27,39.29,0.0,15.35,3.88,13.04,0.0,4.17,3.67
87.68,6.32,0.0,2.55,3.21,0.0,0.0,0.24,5.18
34.48,45.44,2.56,2.93,7.14,4.98,0.0,2.48,4.85
16.47,30.28,18.63,3.5,7.94,10.46,12.72,0.0,2.73
10.13,61.49,0.0,7.21,3.69,13.57,0.0,3.92,2.42
92.36,7.64,0.0,0.0,0.0,0.0,0.0,0.0,5.29
47.13,34.79,5.04,1.67,6.54,0.37,0.0,4.45,3.37
21.02,46.91,0.0,11.27,2.9,14.62,0.0,3.29,2.07
6.67,60.27,0.0,16.33,0.55,12.7,0.0,3.49,3.81
80.66,10.6,0.0,0.92,7.32,0.0,0.0,0.5,6.91
21.19,19.96,29.04,0.32,4.55,6.99,17.95,0.0,2.29
16.27,11.76,40.53,1.8,8.68,6.76,14.19,0.0,2.53
82.23,14.19,0.0,0.46,1.08,0.0,0.0,2.05,5.62
86.65,2.59,0.0,1.69,8.17,0.0,0.0,0.9,5.66
21.83,39.97,0.0,20.81,5.15,8.66,0.0,3.57,2.72
75.65,8.83,0.0,4.28,7.33,0.0,0.0,3.91,5.08
21.58,22.82,21.17,2.09,8.9,5.4,18.04,0.0,1.98
10.14,30.52,20.91,0.21,7.52,11.35,19.35,0.0,2.28
47.65,37.43,3.34,3.36,3.01,2.08,0.0,3.13,3.44
78.84,9.43,0.0,1.74,7.92,0.0,0.0,2.07,5.21
73.57,14.36,0.0,1.48,7.42,0.0,0.0,3.18,6.9
59.08,22.57,3.6,0.95,8.38,3.52,0.0,1.91,4.37
84.18,8.23,0.0,2.38,3.21,0.0,0.0,2.0,6.56
10.72,30.05,27.58,3.09,1.06,7.33,20.17,0.0,2.84
5.42,55.85,0.0,13.08,3.94,17.58,0.0,4.13,3.86
4.59,54.72,0.0,19.49,1.05,17.77,0.0,2.39,2.59
13.05,6.24,32.51,4.9,4.88,9.87,28.55,0.0,2.21
0.72,15.49,40.61,4.27,13.52,3.41,21.97,0.0,1.32
35.84,54.62,1.3,0.22,4.5,3.07,0.0,0.44,4.1
22.05,42.67,0.0,16.6,0.29,15.61,0.0,2.78,2.09
15.9,21.21,44.37,0.39,2.43,4.3,11.41,0.0,2.34
13.68,68.31,0.0,5.4,3.56,7.28,0.0,1.78,3.15
13.08,54.35,0.0,8.62,3.98,15.43,0.0,4.53,3.49
86.72,3.79,0.0,0.94,6.39,0.0,0.0,2.16,5.97
4.58,21.61,27.32,4.66,8.0,8.86,24.98,0.0,1.27
42.75,37.13,6.85,3.13,7.03,0.99,0.0,2.1,4.34
99.33,0.67,0.0,0.0,0.0,0.0,0.0,0.0,5.32
88.71,1.89,0.0,0.26,6.75,0.0,0.0,2.39,4.27
20.65,48.35,0.0,18.97,0.28,7.67,0.0,4.09,2.03
90.1,9.9,0.0,0.0,0.0,0.0,0.0,0.0,5.24
84.66,5.63,0.0,4.99,1.18,0.0,0.0,3.53,3.94
92.31,7.69,0.0,0.0,0.0,0.0,0.0,0.0,7.05
44.01,47.17,0.45,3.74,3.74,0.2,0.0,0.69,5.02
52.19,34.78,2.04,0.5,2.44,4.28,0.0,3.77,4.0
3.08,8.95,46.59,3.58,10.11,2.32,25.37,0.0,1.1
72.91,17.08,0.0,5.09,2.53,0.0,0.0,2.4,4.81
55.97,32.49,3.09,2.42,1.54,2.39,0.0,2.1,4.24
82.1,12.7,0.0,0.73,3.31,0.0,0.0,1.16,6.2
82.63,9.1,0.0,2.37,4.83,0.0,0.0,1.07,6.87
5.58,70.16,0.0,14.5,1.12,8.24,0.0,0.41,2.49
47.54,40.59,1.7,0.55,4.65,0.96,0.0,4.02,2.68
14.77,46.85,0.0,16.52,3.22,17.55,0.0,1.09,2.27
47.47,38.5,3.35,2.88,4.8,2.09,0.0,0.9,3.05
38.25,35.85,3.68,6.0,8.71,5.16,0.0,2.36,5.03
7.43,0.44,43.56,3.93,8.92,3.44,32.28,0.0,1.24
97.13,2.87,0.0,0.0,0.0,0.0,0.0,0.0,6.81
15.24,33.83,28.92,2.72,2.87,5.5,10.92,0.0,2.64
67.76,18.9,0.0,4.72,5.02,0.0,0.0,3.6,4.56
96.45,3.55,0.0,0.0,0.0,0.0,0.0,0.0,4.53
12.76,21.76,27.87,5.35,2.63,11.66,17.97,0.0,2.99
34.5,50.26,4.9,3.06,0.78,1.5,0.0,4.99,4.26
22.27,29.24,31.01,3.57,2.17,0.53,11.22,0.0,1.13
69.11,12.91,0.0,4.3,9.07,0.0,0.0,4.62,3.83
69.66,15.11,0.0,4.43,9.55,0.0,0.0,1.25,3.88
41.55,43.48,0.06,2.46,8.16,2.94,0.0,1.35,5.16
26.14,41.39,0.0,10.22,5.2,16.83,0.0,0.21,3.17
97.08,2.92,0.0,0.0,0.0,0.0,0.0,0.0,4.03
90.45,9.55,0.0,0.0,0.0,0.0,0.0,0.0,5.12
89.58,10.42,0.0,0.0,0.0,0.0,0.0,0.0,7.91
86.2,9.22,0.0,0.33,1.24,0.0,0.0,3.01,3.03
49.34,44.65,0.68,0.82,1.27,0.2,0.0,3.03,2.78
87.08,5.17,0.0,1.19,2.33,0.0,0.0,4.23,6.45
50.0,30.44,2.64,2.99,6.26,3.42,0.0,4.25,3.43
10.49,16.65,36.49,2.77,2.1,1.29,30.21,0.0,1.15
77.8,17.79,0.0,3.38,0.73,0.0,0.0,0.29,3.11
75.05,11.65,0.0,3.29,6.41,0.0,0.0,3.6,3.28
91.41,8.59,0.0,0.0,0.0,0.0,0.0,0.0,6.67
91.11,8.89,0.0,0.0,0.0,0.0,0.0,0.0,5.3
54.15,29.84,0.96,4.31,5.08,2.45,0.0,3.21,5.03
93.52,6.48,0.0,0.0,0.0,0.0,0.0,0.0,6.98
44.4,43.38,5.08,0.06,2.17,4.7,0.0,0.21,3.6
57.4,32.25,0.14,4.45,0.79,2.7,0.0,2.27,3.1
53.22,29.82,5.11,3.91,3.87,0.68,0.0,3.38,3.91
82.24,6.12,0.0,4.15,3.09,0.0,0.0,4.41,6.97
5.78,71.62,0.0,13.25,2.33,5.6,0.0,1.43,3.48
36.5,45.63,4.43,1.89,1.61,4.96,0.0,4.98,3.15
82.14,5.97,0.0,1.48,8.44,0.0,0.0,1.96,3.16
21.64,29.21,13.61,1.88,8.17,8.02,17.48,0.0,2.49
76.38,15.8,0.0,4.37,1.43,0.0,0.0,2.02,5.17
75.68,17.1,0.0,1.05,4.22,0.0,0.0,1.96,5.97
17.81,23.31,11.71,2.64,10.64,3.21,30.69,0.0,1.23
84.31,8.62,0.0,1.77,3.07,0.0,0.0,2.23,6.0
92.32,7.68,0.0,0.0,0.0,0.0,0.0,0.0,5.38
75.56,5.2,0.0,5.04,12.02,0.0,0.0,2.18,5.58
92.32,7.68,0.0,0.0,0.0,0.0,0.0,0.0,5.83
75.16,14.09,0.0,0.29,6.99,0.0,0.0,3.47,6.78
21.02,22.13,14.05,3.21,5.46,5.16,28.96,0.0,2.68
16.12,25.21,22.54,2.71,0.06,1.15,32.22,0.0,2.45
19.12,10.52,37.42,0.98,4.16,1.58,26.22,0.0,1.25
35.43,51.16,0.72,5.42,2.03,4.57,0.0,0.66,2.58
83.47,6.95,0.0,0.16,8.23,0.0,0.0,1.19,6.75
55.47,25.73,2.45,4.43,3.75,4.28,0.0,3.88,3.93
89.1,9.18,0.0,0.86,0.71,0.0,0.0,0.15,3.62
77.53,15.57,0.0,3.92,0.89,0.0,0.0,2.09,4.09
22.99,21.18,24.46,0.63,5.41,7.41,17.92,0.0,2.6
56.28,25.42,1.47,4.88,9.7,1.04,0.0,1.21,3.54
46.97,39.62,1.35,1.41,6.46,3.49,0.0,0.7,3.02
26.34,10.88,32.3,2.41,6.75,9.52,11.8,0.0,2.51
50.54,29.21,3.6,4.13,5.87,1.65,0.0,5.01,4.79
82.73,5.28,0.0,3.39,5.9,0.0,0.0,2.69,6.31
97.92,2.08,0.0,0.0,0.0,0.0,0.0,0.0,7.04
58.39,24.55,3.97,0.46,7.08,1.31,0.0,4.23,3.84
8.48,56.06,0.0,14.58,4.52,12.35,0.0,4.01,3.9
21.54,27.95,27.67,2.86,8.74,2.05,9.19,0.0,1.04
73.26,16.26,0.0,4.42,2.36,0.0,0.0,3.69,5.69
25.32,50.62,0.0,5.62,4.32,13.84,0.0,0.27,3.96
8.61,3.23,28.9,6.28,5.76,11.94,35.29,0.0,1.4
33.92,49.45,1.01,1.22,7.85,3.27,0.0,3.28,4.55
97.18,2.82,0.0,0.0,0.0,0.0,0.0,0.0,6.49
21.23,49.6,0.0,9.16,4.02,12.88,0.0,3.12,3.23
20.45,51.45,0.0,12.41,1.19,14.02,0.0,0.48,2.87
97.25,2.75,0.0,0.0,0.0,0.0,0.0,0.0,7.16
82.08,14.7,0.0,0.7,0.6,0.0,0.0,1.92,5.92
24.34,56.29,0.0,5.18,3.99,8.68,0.0,1.53,2.05
49.08,34.38,3.99,2.86,5.97,0.14,0.0,3.59,2.72
29.91,9.23,24.71,2.16,6.71,6.01,21.29,0.0,1.61
87.7,4.68,0.0,3.96,2.8,0.0,0.0,0.86,4.91
91.27,8.73,0.0,0.0,0.0,0.0,0.0,0.0,5.29
74.09,10.68,0.0,0.37,11.05,0.0,0.0,3.82,6.14
8.51,66.38,0.0,7.58,2.96,9.2,0.0,5.38,3.26
87.1,3.02,0.0,5.5,3.21,0.0,0.0,1.16,4.14
24.15,6.42,36.55,0.23,0.85,3.44,28.36,0.0,2.62
92.84,7.16,0.0,0.0,0.0,0.0,0.0,0.0,7.86
22.74,48.27,0.0,13.71,3.08,8.92,0.0,3.29,2.94
4.4,60.93,0.0,16.37,0.25,13.83,0.0,4.22,2.05
16.72,42.13,0.0,17.4,4.2,17.12,0.0,2.43,3.74
21.79,23.67,36.16,0.87,1.24,8.14,8.12,0.0,1.1
93.25,6.75,0.0,0.0,0.0,0.0,0.0,0.0,7.84
23.81,6.68,25.23,1.11,6.32,9.25,27.59,0.0,1.11
22.79,18.43,25.63,2.66,3.01,8.81,18.68,0.0,2.48
90.51,9.49,0.0,0.0,0.0,0.0,0.0,0.0,4.8
53.43,36.19,0.6,3.56,4.0,0.94,0.0,1.28,5.35
95.77,4.23,0.0,0.0,0.0,0.0,0.0,0.0,6.03
57.51,25.52,3.98,1.5,3.97,2.8,0.0,4.72,2.94
1.44,27.3,37.99,3.89,4.7,8.74,15.94,0.0,1.58
17.38,21.92,16.57,1.92,9.41,5.27,27.54,0.0,2.49
18.33,13.21,24.71,3.44,11.88,13.31,15.12,0.0,2.82
1.31,18.75,48.17,1.03,4.19,9.91,16.64,0.0,2.91
96.49,3.51,0.0,0.0,0.0,0.0,0.0,0.0,4.17
3.18,53.88,0.0,18.88,5.24,15.82,0.0,3.01,3.65
18.07,27.56,29.34,1.49,5.7,2.79,15.05,0.0,1.24
5.07,13.08,40.63,3.06,1.99,2.28,33.9,0.0,1.88
97.34,2.66,0.0,0.0,0.0,0.0,0.0,0.0,4.75
93.15,6.85,0.0,0.0,0.0,0.0,0.0,0.0,7.95
44.85,40.17,1.78,2.67,7.15,2.97,0.0,0.41,2.53
24.12,44.5,0.0,10.32,1.73,19.29,0.0,0.03,3.93
99.32,0.68,0.0,0.0,0.0,0.0,0.0,0.0,6.91
32.62,2.66,25.5,3.34,4.96,11.43,19.49,0.0,2.72
99.24,0.76,0.0,0.0,0.0,0.0,0.0,0.0,6.14
80.34,11.31,0.0,1.66,2.9,0.0,0.0,3.79,5.57
50.21,39.87,3.59,0.15,0.03,2.06,0.0,4.1,5.02
97.89,2.11,0.0,0.0,0.0,0.0,0.0,0.0,5.88
12.15,14.43,36.49,2.7,7.56,5.5,21.15,0.0,2.43
22.61,40.74,0.0,13.59,2.76,15.58,0.0,4.72,3.34
96.03,3.97,0.0,0.0,0.0,0.0,0.0,0.0,7.47
82.65,7.05,0.0,0.97,6.6,0.0,0.0,2.72,4.44
96.98,3.02,0.0,0.0,0.0,0.0,0.0,0.0,5.2
66.14,26.09,0.64,0.5,0.74,1.44,0.0,4.45,2.87
88.67,3.63,0.0,0.91,5.39,0.0,0.0,1.4,3.73
20.03,1.13,21.6,4.99,9.68,4.32,38.25,0.0,1.67
24.28,53.29,0.0,12.48,2.17,5.51,0.0,2.27,2.23
94.33,5.67,0.0,0.0,0.0,0.0,0.0,0.0,6.53
49.54,36.2,3.14,1.07,2.18,3.7,0.0,4.17,3.15
79.72,3.36,0.0,3.0,8.64,0.0,0.0,5.28,5.7
87.02,2.73,0.0,0.28,9.27,0.0,0.0,0.71,5.45
14.63,25.63,28.07,1.92,2.75,6.77,20.23,0.0,1.06
61.27,27.6,2.9,0.21,6.96,0.12,0.0,0.95,3.49
91.57,8.43,0.0,0.0,0.0,0.0,0.0,0.0,4.66
80.02,12.61,0.0,2.37,1.29,0.0,0.0,3.71,4.8
9.86,13.43,32.05,4.42,11.29,10.27,18.68,0.0,2.25
94.94,5.06,0.0,0.0,0.0,0.0,0.0,0.0,4.57
20.53,60.66,0.0,10.03,3.79,4.97,0.0,0.03,3.46
49.8,33.39,0.17,3.36,5.17,5.27,0.0,2.85,4.5
46.09,37.59,4.04,1.32,6.08,3.86,0.0,1.02,2.83
45.77,37.11,5.7,0.61,7.94,2.26,0.0,0.61,4.5
15.08,19.01,20.91,4.9,2.62,5.2,32.27,0.0,2.27
44.67,36.15,1.57,3.05,9.57,3.54,0.0,1.46,5.07
88.71,3.39,0.0,2.18,3.96,0.0,0.0,1.77,3.83
76.93,14.0,0.0,0.87,5.58,0.0,0.0,2.62,6.93
36.07,47.81,0.07,1.97,7.18,5.03,0.0,1.86,3.36
36.68,7.26,18.56,0.45,10.79,0.93,25.34,0.0,2.16
15.27,27.69,38.32,3.62,9.17,0.86,5.07,0.0,1.82
84.98,4.8,0.0,5.4,1.2,0.0,0.0,3.63,5.14
82.92,9.12,0.0,3.26,3.82,0.0,0.0,0.89,6.76
19.6,35.93,0.0,17.41,4.99,20.35,0.0,1.73,2.46
87.06,4.92,0.0,0.51,6.51,0.0,0.0,1.0,4.15
26.88,47.56,0.0,7.94,2.15,13.5,0.0,1.97,2.11
76.44,19.05,0.0,0.14,4.05,0.0,0.0,0.33,3.96
0.7,59.02,0.0,17.29,1.18,20.05,0.0,1.75,2.89
89.48,10.52,0.0,0.0,0.0,0.0,0.0,0.0,6.46
7.54,15.88,36.75,1.64,3.55,7.18,27.46,0.0,2.22
49.54,42.29,1.22,1.63,1.2,2.75,0.0,1.36,5.29
22.0,42.84,0.0,11.02,5.61,14.56,0.0,3.97,3.21
72.53,12.78,0.0,3.46,8.26,0.0,0.0,2.97,3.41
19.5,1.82,39.89,1.37,2.98,9.52,24.92,0.0,2.65
21.03,8.43,26.37,3.17,6.21,8.3,26.48,0.0,2.12
5.51,21.84,42.92,0.41,7.25,6.98,15.1,0.0,1.28
49.31,39.42,3.33,2.74,0.47,2.2,0.0,2.54,5.31
18.14,0.16,36.75,2.27,1.84,0.12,40.71,0.0,2.81
91.7,8.3,0.0,0.0,0.0,0.0,0.0,0.0,6.76
52.78,26.54,5.47,1.21,9.58,3.29,0.0,1.13,5.07
56.24,24.72,3.88,1.73,9.0,2.4,0.0,2.03,4.57
52.22,38.02,2.04,5.39,0.88,0.13,0.0,1.32,5.12
85.56,2.42,0.0,4.66,5.71,0.0,0.0,1.65,5.77
7.19,13.42,34.24,8.45,2.98,6.89,26.84,0.0,3.0
23.84,55.31,0.0,5.98,4.19,8.41,0.0,2.27,3.11
27.97,13.51,20.88,1.95,5.86,3.41,26.42,0.0,2.78
69.93,16.18,0.0,0.15,9.72,0.0,0.0,4.02,6.03
95.71,0.37,0.0,1.0,0.91,0.0,0.0,2.01,6.7
95.3,4.7,0.0,0.0,0.0,0.0,0.0,0.0,5.98
50.06,34.76,1.45,2.45,6.86,1.26,0.0,3.15,2.98
50.4,27.26,4.75,3.61,6.24,5.67,0.0,2.07,4.79
90.24,9.76,0.0,0.0,0.0,0.0,0.0,0.0,7.85
91.84,0.33,0.0,1.32,5.69,0.0,0.0,0.82,5.18
25.77,38.99,0.0,14.88,4.22,14.44,0.0,1.7,3.28
88.05,2.22,0.0,2.63,5.7,0.0,0.0,1.4,3.06
81.21,2.95,0.0,4.17,8.58,0.0,0.0,3.09,6.06
73.98,17.71,0.0,1.2,5.36,0.0,0.0,1.74,4.69
9.95,45.66,0.0,17.14,2.52,21.82,0.0,2.9,2.45
16.12,18.91,17.72,4.06,6.01,7.83,29.35,0.0,1.01
48.19,30.23,1.28,5.75,9.38,0.65,0.0,4.51,3.9
44.46,34.97,3.44,4.21,7.97,2.75,0.0,2.19,4.75
16.16,20.5,26.11,2.47,6.99,8.1,19.66,0.0,2.52
84.08,7.13,0.0,1.41,5.53,0.0,0.0,1.85,3.1
18.46,17.6,13.47,2.18,4.4,9.19,34.7,0.0,2.78
61.59,23.36,0.58,1.44,8.28,0.4,0.0,4.35,4.7
54.28,31.98,3.02,4.65,1.83,1.81,0.0,2.43,4.31
0.45,61.21,0.0,10.93,4.34,18.65,0.0,4.42,2.63
18.38,23.18,33.23,4.16,6.23,3.65,11.17,0.0,2.38
76.53,13.88,0.0,2.22,3.75,0.0,0.0,3.62,6.95
98.16,1.84,0.0,0.0,0.0,0.0,0.0,0.0,7.7
52.55,32.45,1.51,0.14,5.08,4.93,0.0,3.34,2.63
1.95,23.34,39.11,3.27,1.02,9.05,22.27,0.0,2.23
92.11,7.89,0.0,0.0,0.0,0.0,0.0,0.0,7.64
52.16,32.49,2.29,2.14,4.66,2.34,0.0,3.92,2.78
86.31,5.11,0.0,5.92,1.89,0.0,0.0,0.78,3.54
93.42,6.58,0.0,0.0,0.0,0.0,0.0,0.0,5.96
83.33,6.23,0.0,2.71,5.32,0.0,0.0,2.41,4.49
15.36,51.46,0.0,12.1,1.17,15.59,0.0,4.33,3.59
19.49,15.97,37.37,4.82,2.63,9.1,10.63,0.0,2.9
58.46,34.42,2.92,1.34,0.13,2.14,0.0,0.6,3.87
75.77,15.2,0.0,2.74,3.6,0.0,0.0,2.69,6.64
55.87,27.0,1.38,3.65,3.9,4.14,0.0,4.06,4.29
91.63,8.37,0.0,0.0,0.0,0.0,0.0,0.0,7.77
5.5,11.37,20.6,2.46,14.04,7.31,38.73,0.0,3.0
23.21,2.46,27.03,6.28,1.58,2.73,36.71,0.0,2.04
41.76,37.67,3.95,3.45,7.47,3.76,0.0,1.94,2.69
78.62,14.34,0.0,1.06,4.42,0.0,0.0,1.57,5.39
95.2,4.8,0.0,0.0,0.0,0.0,0.0,0.0,6.98
40.85,36.81,0.88,5.35,8.57,6.0,0.0,1.53,3.9
7.02,24.56,24.12,4.62,7.29,3.03,29.38,0.0,1.27
95.32,4.68,0.0,0.0,0.0,0.0,0.0,0.0,6.41
27.17,10.97,22.12,2.06,9.92,8.36,19.41,0.0,2.99
16.49,0.45,52.86,1.69,11.2,3.86,13.44,0.0,1.18
75.96,14.44,0.0,2.99,3.62,0.0,0.0,2.99,4.93
7.14,30.32,29.7,0.66,9.49,9.22,13.45,0.0,2.39
14.67,51.99,0.0,21.71,3.36,6.65,0.0,1.63,2.01
48.03,43.92,2.51,1.79,0.64,0.68,0.0,2.42,4.92
9.98,46.27,0.0,26.06,1.0,10.67,0.0,6.01,3.05
24.53,20.28,23.1,1.91,9.26,3.44,17.47,0.0,1.94
99.08,0.92,0.0,0.0,0.0,0.0,0.0,0.0,7.99
76.98,16.33,0.0,3.02,0.44,0.0,0.0,3.24,4.37
80.34,4.44,0.0,4.02,7.07,0.0,0.0,4.14,5.64
96.23,3.77,0.0,0.0,0.0,0.0,0.0,0.0,6.0
44.91,33.61,4.38,3.04,8.83,4.66,0.0,0.57,3.94
91.44,8.56,0.0,0.0,0.0,0.0,0.0,0.0,6.0
39.37,46.24,1.35,3.04,4.9,1.97,0.0,3.13,3.12
23.43,45.65,0.0,6.91,3.77,16.6,0.0,3.64,3.09
15.78,52.8,0.0,5.28,4.21,19.3,0.0,2.63,2.74
14.11,50.07,0.0,11.74,3.13,17.72,0.0,3.21,3.33
32.45,16.29,30.02,3.55,4.07,0.57,13.06,0.0,1.94
30.88,0.92,28.0,4.89,2.94,8.13,24.24,0.0,2.69
59.71,30.36,0.53,0.06,9.0,0.02,0.0,0.32,4.06
17.33,66.83,0.0,7.67,0.5,5.34,0.0,2.34,2.37
46.07,29.83,2.54,4.78,8.75,4.82,0.0,3.21,3.76
21.88,43.74,0.0,17.83,1.15,10.57,0.0,4.82,2.46
94.92,5.08,0.0,0.0,0.0,0.0,0.0,0.0,6.85
9.85,20.94,33.59,3.48,5.66,6.21,20.28,0.0,1.68
91.66,8.34,0.0,0.0,0.0,0.0,0.0,0.0,8.0
95.48,4.52,0.0,0.0,0.0,0.0,0.0,0.0,6.81
80.04,2.22,0.0,4.81,10.14,0.0,0.0,2.79,3.39
7.54,37.73,27.79,2.05,7.63,9.47,7.8,0.0,2.69
81.82,6.9,0.0,4.8,3.63,0.0,0.0,2.84,5.11
39.33,42.6,3.54,3.56,4.77,2.29,0.0,3.9,3.89
41.5,39.86,3.5,2.45,5.22,4.08,0.0,3.39,2.97
16.22,61.31,0.0,14.11,1.48,6.53,0.0,0.34,3.88
50.83,29.91,0.35,3.9,8.58,5.4,0.0,1.03,4.95
74.11,9.91,0.0,4.82,7.96,0.0,0.0,3.21,4.08
54.59,30.46,1.73,0.52,7.43,3.89,0.0,1.38,3.04
11.67,24.11,26.11,2.91,0.93,9.62,24.65,0.0,1.51
87.32,2.33,0.0,3.0,3.61,0.0,0.0,3.75,6.16
88.92,11.08,0.0,0.0,0.0,0.0,0.0,0.0,7.3
12.56,4.6,41.23,3.94,4.57,5.4,27.7,0.0,2.16
98.77,1.23,0.0,0.0,0.0,0.0,0.0,0.0,7.57
48.14,37.02,1.83,1.13,3.69,3.01,0.0,5.18,4.26
52.79,30.23,1.47,3.55,1.54,4.83,0.0,5.59,3.51
58.33,29.51,1.79,3.65,0.9,2.36,0.0,3.46,4.31
25.69,24.99,16.25,4.72,6.15,10.14,12.06,0.0,2.52
48.88,34.56,1.53,0.59,7.26,3.54,0.0,3.64,5.16
2.84,59.25,0.0,10.21,3.99,19.43,0.0,4.27,2.06
91.06,8.94,0.0,0.0,0.0,0.0,0.0,0.0,4.54
2.65,28.18,42.97,5.86,1.05,3.37,15.92,0.0,1.65
99.47,0.53,0.0,0.0,0.0,0.0,0.0,0.0,7.88
97.52,2.48,0.0,0.0,0.0,0.0,0.0,0.0,6.38
92.79,7.21,0.0,0.0,0.0,0.0,0.0,0.0,6.02
89.75,10.25,0.0,0.0,0.0,0.0,0.0,0.0,6.26
97.09,2.91,0.0,0.0,0.0,0.0,0.0,0.0,7.25
55.7,32.4,0.67,1.66,3.63,2.8,0.0,3.15,4.19
97.74,2.26,0.0,0.0,0.0,0.0,0.0,0.0,6.65
27.84,29.1,23.38,3.3,5.34,2.89,8.16,0.0,1.15
91.06,8.94,0.0,0.0,0.0,0.0,0.0,0.0,5.6
93.05,6.95,0.0,0.0,0.0,0.0,0.0,0.0,4.86
8.43,66.78,0.0,11.89,1.97,7.82,0.0,3.11,2.6
23.9,45.79,0.0,15.24,0.72,12.96,0.0,1.4,2.07
40.43,34.16,5.14,2.83,10.32,5.51,0.0,1.61,4.31
42.9,41.13,5.24,5.4,1.34,3.34,0.0,0.67,3.15
3.12,62.77,0.0,16.51,5.23,7.93,0.0,4.45,2.93
55.77,28.78,1.99,0.01,4.72,3.29,0.0,5.44,4.69
7.22,57.18,0.0,13.33,1.65,17.79,0.0,2.84,2.42
52.34,29.76,0.64,2.91,8.18,3.1,0.0,3.07,3.3
91.25,8.75,0.0,0.0,0.0,0.0,0.0,0.0,6.78
78.39,9.96,0.0,1.16,6.6,0.0,0.0,3.89,6.46
17.47,51.16,0.0,13.51,1.58,14.15,0.0,2.13,3.4
79.74,7.45,0.0,3.96,8.17,0.0,0.0,0.69,4.88
92.69,7.31,0.0,0.0,0.0,0.0,0.0,0.0,4.42
13.35,20.37,36.57,0.36,2.63,10.68,16.03,0.0,2.13
61.88,20.98,1.9,2.19,5.21,3.45,0.0,4.4,2.55
98.19,1.81,0.0,0.0,0.0,0.0,0.0,0.0,5.35
14.53,24.4,14.14,1.17,10.32,9.91,25.53,0.0,1.36
30.53,9.2,37.05,1.9,6.26,3.17,11.9,0.0,1.69
15.89,52.08,0.0,13.31,3.03,10.79,0.0,4.91,3.55
91.15,8.85,0.0,0.0,0.0,0.0,0.0,0.0,7.67
8.68,54.0,0.0,15.96,3.13,17.03,0.0,1.2,3.28
74.31,17.42,0.0,0.03,5.59,0.0,0.0,2.65,4.26
95.36,4.64,0.0,0.0,0.0,0.0,0.0,0.0,7.26
28.49,42.3,0.0,8.94,3.99,13.62,0.0,2.67,3.13
76.93,14.71,0.0,1.2,4.4,0.0,0.0,2.76,3.27
42.2,39.79,2.14,5.21,6.43,2.69,0.0,1.54,3.13
67.26,25.39,0.12,1.71,1.58,3.01,0.0,0.93,3.39
91.38,0.52,0.0,1.54,6.51,0.0,0.0,0.05,6.83
79.3,14.14,0.0,3.08,0.57,0.0,0.0,2.91,4.05
9.88,46.93,0.0,19.59,3.82,18.88,0.0,0.9,3.8
26.26,46.66,0.0,13.02,3.23,9.91,0.0,0.93,2.81
43.49,35.5,4.54,3.26,5.15,3.41,0.0,4.66,5.26
27.4,51.24,0.0,5.79,2.03,8.99,0.0,4.55,3.23
7.11,23.0,17.78,3.59,11.8,2.11,34.62,0.0,1.3
97.86,2.14,0.0,0.0,0.0,0.0,0.0,0.0,4.48
81.39,13.88,0.0,0.05,3.48,0.0,0.0,1.2,4.45
88.37,0.07,0.0,3.84,6.13,0.0,0.0,1.6,4.97
21.32,52.33,0.0,9.1,4.91,9.38,0.0,2.95,2.9
8.68,21.62,40.12,1.3,4.83,11.59,11.85,0.0,1.76
44.88,11.32,24.09,4.37,0.12,6.74,8.49,0.0,1.08
25.63,25.31,21.73,2.92,8.33,5.63,10.44,0.0,1.3
9.7,8.1,41.26,5.49,0.46,7.58,27.41,0.0,1.08
38.89,45.91,4.51,3.85,1.74,1.22,0.0,3.89,3.43
99.34,0.66,0.0,0.0,0.0,0.0,0.0,0.0,6.9
80.44,12.97,0.0,0.38,4.52,0.0,0.0,1.69,6.29
4.89,56.55,0.0,15.5,4.41,18.5,0.0,0.16,3.69
4.67,52.42,0.0,21.38,5.59,11.85,0.0,4.1,2.04
37.09,45.83,0.53,3.18,9.48,1.66,0.0,2.23,4.27
77.5,12.31,0.0,0.62,7.72,0.0,0.0,1.85,5.11
9.41,66.17,0.0,7.34,3.7,12.36,0.0,1.02,2.15
21.44,22.18,32.38,0.99,7.99,3.24,11.78,0.0,2.22
29.35,46.45,0.0,8.62,1.5,10.85,0.0,3.22,2.34
26.87,49.66,0.0,7.14,4.19,11.54,0.0,0.59,3.03
78.48,14.32,0.0,3.3,3.68,0.0,0.0,0.21,3.51
15.42,18.81,17.78,5.22,10.19,6.84,25.74,0.0,1.12
25.08,5.64,42.54,0.29,7.99,9.07,9.39,0.0,2.0
89.86,10.14,0.0,0.0,0.0,0.0,0.0,0.0,4.39
50.43,35.75,0.4,4.32,6.24,2.63,0.0,0.24,3.95
92.21,7.79,0.0,0.0,0.0,0.0,0.0,0.0,6.39
9.0,59.49,0.0,14.24,1.39,14.76,0.0,1.13,3.7
5.49,46.64,0.0,21.92,2.25,18.37,0.0,5.33,3.43
14.92,32.24,23.82,3.78,3.13,4.13,17.98,0.0,1.35
34.11,44.33,0.04,5.24,9.31,2.3,0.0,4.67,4.64
3.98,19.14,49.44,1.62,8.98,9.71,7.14,0.0,1.32
96.89,3.11,0.0,0.0,0.0,0.0,0.0,0.0,4.12
97.68,2.32,0.0,0.0,0.0,0.0,0.0,0.0,7.2
91.05,8.95,0.0,0.0,0.0,0.0,0.0,0.0,6.46
17.39,47.9,0.0,11.67,0.21,16.46,0.0,6.37,3.79
4.26,26.02,30.84,0.36,2.57,1.77,34.18,0.0,1.89
7.89,52.35,0.0,23.45,3.27,8.08,0.0,4.96,3.39
48.34,42.96,3.67,0.01,1.21,1.98,0.0,1.83,2.88
94.08,5.92,0.0,0.0,0.0,0.0,0.0,0.0,7.9
94.29,5.71,0.0,0.0,0.0,0.0,0.0,0.0,4.37
26.82,46.22,0.0,7.82,0.6,15.76,0.0,2.77,3.4
29.97,2.93,33.86,5.06,6.19,1.57,20.42,0.0,1.36
94.27,5.73,0.0,0.0,0.0,0.0,0.0,0.0,5.33
1.52,3.77,47.58,3.52,5.01,0.32,38.29,0.0,2.66
24.45,25.55,30.71,0.09,3.25,5.53,10.42,0.0,1.92
41.42,39.11,1.25,4.04,10.1,0.24,0.0,3.85,2.54
13.92,68.37,0.0,5.62,1.24,9.49,0.0,1.35,2.96
31.1,13.41,28.07,0.53,10.72,1.36,14.8,0.0,1.53
18.59,25.74,27.95,0.08,9.44,7.73,10.48,0.0,1.3
70.94,16.14,0.0,3.97,8.5,0.0,0.0,0.45,3.44
58.61,26.24,0.51,4.05,5.7,4.6,0.0,0.3,2.93
73.78,18.3,0.0,2.89,4.81,0.0,0.0,0.22,5.9
3.66,19.64,44.88,5.03,1.31,16.24,9.24,0.0,1.63
21.77,54.25,0.0,11.31,4.72,7.29,0.0,0.66,2.56
98.0,2.0,0.0,0.0,0.0,0.0,0.0,0.0,5.42
15.11,46.94,0.0,17.19,4.54,12.54,0.0,3.69,2.91
97.11,2.89,0.0,0.0,0.0,0.0,0.0,0.0,7.72
97.93,2.07,0.0,0.0,0.0,0.0,0.0,0.0,5.57
2.51,70.37,0.0,7.51,3.61,12.84,0.0,3.16,2.76
95.73,4.27,0.0,0.0,0.0,0.0,0.0,0.0,7.48
5.87,53.86,0.0,15.54,5.07,14.67,0.0,4.99,3.41
79.38,7.6,0.0,3.38,5.42,0.0,0.0,4.23,4.36
71.79,18.4,0.0,3.83,1.72,0.0,0.0,4.26,5.49
24.97,44.88,0.0,7.89,0.12,18.43,0.0,3.71,2.32
99.1,0.9,0.0,0.0,0.0,0.0,0.0,0.0,4.2
4.33,55.02,0.0,19.28,2.4,18.57,0.0,0.39,2.85
99.9,0.1,0.0,0.0,0.0,0.0,0.0,0.0,6.39
4.29,51.71,0.0,20.64,1.02,18.12,0.0,4.21,2.58
67.61,19.23,0.0,4.32,5.99,0.0,0.0,2.85,4.17
36.93,0.03,26.51,6.11,0.37,13.82,16.23,0.0,1.86
1.09,26.93,33.57,1.58,10.39,7.31,19.13,0.0,1.84
10.25,62.47,0.0,11.65,0.75,13.82,0.0,1.06,3.74
11.81,25.12,28.21,1.85,7.34,9.63,16.05,0.0,2.4
90.02,9.98,0.0,0.0,0.0,0.0,0.0,0.0,7.51
99.14,0.86,0.0,0.0,0.0,0.0,0.0,0.0,6.0
77.6,10.09,0.0,3.4,5.19,0.0,0.0,3.72,5.56
76.48,11.87,0.0,1.42,6.74,0.0,0.0,3.5,6.65
91.06,8.94,0.0,0.0,0.0,0.0,0.0,0.0,7.4
61.67,27.71,1.79,2.54,0.86,1.49,0.0,3.94,3.15
89.74,4.19,0.0,0.78,3.75,0.0,0.0,1.55,5.04
18.83,20.69,26.66,3.55,0.8,1.44,28.03,0.0,1.05
94.35,5.65,0.0,0.0,0.0,0.0,0.0,0.0,6.13
21.63,47.19,0.0,13.18,0.75,15.0,0.0,2.25,3.87
20.98,61.26,0.0,5.09,2.92,7.0,0.0,2.74,3.71
14.19,46.69,0.0,15.08,2.45,18.35,0.0,3.24,3.36
21.28,50.57,0.0,10.61,2.41,10.67,0.0,4.47,3.49
94.11,5.89,0.0,0.0,0.0,0.0,0.0,0.0,5.5
24.28,12.7,30.29,3.95,8.52,2.79,17.46,0.0,1.19
83.62,7.77,0.0,0.45,3.44,0.0,0.0,4.73,6.31
76.14,5.62,0.0,5.65,7.38,0.0,0.0,5.2,3.59
58.81,29.24,1.61,3.31,1.47,4.18,0.0,1.38,5.06
93.62,2.94,0.0,0.02,0.8,0.0,0.0,2.62,3.75
50.08,31.64,5.3,1.8,8.43,1.41,0.0,1.34,3.38
46.39,34.59,1.59,2.61,9.88,2.16,0.0,2.78,3.54
11.41,50.35,0.0,14.62,4.1,15.64,0.0,3.88,2.04
92.9,7.1,0.0,0.0,0.0,0.0,0.0,0.0,5.58
12.3,57.82,0.0,14.56,6.31,8.34,0.0,0.67,3.6
3.87,0.29,37.11,5.51,6.6,10.91,35.7,0.0,1.7
95.28,4.72,0.0,0.0,0.0,0.0,0.0,0.0,6.91
9.51,57.56,0.0,13.09,3.58,14.9,0.0,1.36,3.87
19.03,20.92,14.86,3.29,9.18,0.94,31.79,0.0,1.07
98.16,1.84,0.0,0.0,0.0,0.0,0.0,0.0,5.87
50.29,30.36,1.39,5.12,5.88,4.6,0.0,2.36,3.05
9.01,3.3,54.33,4.31,5.73,13.37,9.96,0.0,2.73
98.19,1.81,0.0,0.0,0.0,0.0,0.0,0.0,6.87
97.06,2.94,0.0,0.0,0.0,0.0,0.0,0.0,7.36
11.22,56.58,0.0,14.27,6.05,11.84,0.0,0.04,2.74
31.67,33.91,0.0,14.44,5.48,10.34,0.0,4.17,3.74
91.34,8.66,0.0,0.0,0.0,0.0,0.0,0.0,6.01
91.49,8.51,0.0,0.0,0.0,0.0,0.0,0.0,5.43
82.68,14.1,0.0,0.2,2.89,0.0,0.0,0.13,4.23
14.6,16.04,34.52,4.53,1.14,5.42,23.75,0.0,2.63
82.5,8.4,0.0,3.1,2.29,0.0,0.0,3.71,5.49
23.1,53.7,0.0,9.13,2.9,7.47,0.0,3.71,2.9
85.1,10.46,0.0,0.14,2.27,0.0,0.0,2.03,3.39
33.41,48.47,3.41,3.72,4.1,2.66,0.0,4.22,3.07
24.22,13.1,35.78,4.17,6.34,5.78,10.61,0.0,2.43
57.19,33.39,1.53,2.2,2.79,2.36,0.0,0.54,4.44
82.83,2.81,0.0,3.15,8.53,0.0,0.0,2.68,5.27
41.62,42.24,2.21,2.1,7.9,1.2,0.0,2.73,5.37
15.39,6.26,33.6,5.4,5.79,8.68,24.87,0.0,2.18
24.56,44.84,0.0,17.83,4.13,7.88,0.0,0.76,3.73
29.87,10.85,18.11,6.87,1.48,11.94,20.87,0.0,1.86
6.52,9.43,46.94,7.18,12.99,0.94,16.01,0.0,2.06
34.3,44.69,0.48,4.66,8.97,2.87,0.0,4.03,5.37
12.0,51.74,0.0,15.25,3.27,14.39,0.0,3.35,3.2
5.67,21.13,23.46,2.12,5.82,9.74,32.05,0.0,2.08
17.37,12.25,36.81,0.06,9.45,10.08,13.98,0.0,1.59
11.75,61.97,0.0,16.96,0.69,7.13,0.0,1.51,3.48
31.08,4.82,14.56,2.3,10.14,4.91,32.19,0.0,1.92
39.01,42.84,1.5,2.66,4.41,4.5,0.0,5.08,3.48
98.87,1.13,0.0,0.0,0.0,0.0,0.0,0.0,6.39
15.16,16.81,39.5,1.84,7.34,7.05,12.3,0.0,1.74
29.85,4.02,26.66,7.2,3.87,3.44,24.96,0.0,2.38
80.12,13.71,0.0,2.73,0.51,0.0,0.0,2.93,6.42
27.41,34.45,0.0,14.93,3.29,16.45,0.0,3.47,3.19
85.48,3.12,0.0,4.46,2.71,0.0,0.0,4.24,4.35
11.7,14.51,33.96,5.27,1.85,3.39,29.32,0.0,1.71
91.89,8.11,0.0,0.0,0.0,0.0,0.0,0.0,5.93
2.99,56.41,0.0,10.44,5.75,20.23,0.0,4.18,3.44
94.28,5.72,0.0,0.0,0.0,0.0,0.0,0.0,5.78
5.26,17.16,34.53,0.49,14.11,12.54,15.91,0.0,2.1
0.92,58.51,0.0,18.08,0.5,17.93,0.0,4.05,2.87
89.1,1.58,0.0,5.25,2.03,0.0,0.0,2.04,3.44
20.24,57.35,0.0,7.52,3.46,11.42,0.0,0.0,2.5
17.64,49.58,0.0,16.02,1.13,12.1,0.0,3.52,3.83
77.31,13.91,0.0,0.99,5.16,0.0,0.0,2.63,3.68
48.35,34.28,5.02,2.63,1.02,5.36,0.0,3.34,5.05
47.03,39.89,1.36,3.33,0.12,4.74,0.0,3.53,3.79
97.9,2.1,0.0,0.0,0.0,0.0,0.0,0.0,6.7
54.36,25.09,0.9,3.99,8.91,3.6,0.0,3.16,3.67
19.65,56.67,0.0,8.93,0.44,11.6,0.0,2.71,3.15
52.09,31.25,1.95,3.37,9.67,1.17,0.0,0.51,4.81
21.89,31.15,23.59,5.41,4.15,2.62,11.19,0.0,1.04
89.35,10.65,0.0,0.0,0.0,0.0,0.0,0.0,7.36
81.27,15.09,0.0,0.09,2.87,0.0,0.0,0.69,3.44
53.75,28.9,2.54,2.49,2.6,5.35,0.0,4.37,5.31
42.96,41.65,2.24,2.33,8.06,1.62,0.0,1.13,3.26
39.97,39.93,3.29,4.23,4.71,5.89,0.0,1.98,3.72
11.89,56.1,0.0,17.06,2.16,10.67,0.0,2.13,3.0
15.75,25.67,28.63,4.05,6.28,3.06,16.56,0.0,2.42
99.59,0.41,0.0,0.0,0.0,0.0,0.0,0.0,6.33
6.83,15.52,44.98,2.66,12.17,3.07,14.77,0.0,1.94
51.69,32.04,3.48,5.5,2.8,1.95,0.0,2.54,3.0
45.36,32.8,3.7,5.45,8.13,0.81,0.0,3.75,4.98
99.69,0.31,0.0,0.0,0.0,0.0,0.0,0.0,4.77
97.99,2.01,0.0,0.0,0.0,0.0,0.0,0.0,5.87
22.84,1.35,29.0,0.56,5.22,5.15,35.88,0.0,2.92
2.94,22.66,44.41,4.1,12.96,5.38,7.55,0.0,1.1
49.32,36.73,0.43,0.29,7.52,3.21,0.0,2.49,3.25
2.35,61.13,0.0,9.22,2.95,18.83,0.0,5.51,3.04
96.37,3.63,0.0,0.0,0.0,0.0,0.0,0.0,6.49
78.74,13.43,0.0,1.29,2.34,0.0,0.0,4.2,3.93
45.48,38.56,5.04,1.0,3.02,5.5,0.0,1.4,2.83
6.43,21.97,37.1,1.72,0.61,7.04,25.14,0.0,2.27
20.94,43.43,0.0,16.7,2.09,16.77,0.0,0.07,3.22
10.88,43.05,0.0,12.49,0.25,28.29,0.0,5.04,3.33
79.58,16.33,0.0,2.51,0.91,0.0,0.0,0.66,4.57
12.08,9.79,45.33,0.25,10.16,2.97,19.42,0.0,1.68
72.22,10.13,0.0,1.13,11.92,0.0,0.0,4.6,5.8
38.34,39.43,0.06,4.81,6.61,4.98,0.0,5.77,3.51
44.24,42.07,0.7,2.4,6.62,3.17,0.0,0.79,3.77
45.18,38.77,1.01,4.58,6.75,1.37,0.0,2.34,4.03
9.25,53.95,0.0,14.34,4.43,15.28,0.0,2.75,2.48
12.61,60.02,0.0,12.48,4.22,10.5,0.0,0.16,3.65
26.63,14.24,16.76,2.35,6.71,5.81,27.51,0.0,1.64
76.46,14.72,0.0,0.14,8.6,0.0,0.0,0.08,3.29
20.49,39.65,0.0,13.55,4.63,19.78,0.0,1.89,2.37
21.3,55.18,0.0,7.21,2.91,12.46,0.0,0.94,2.21
95.19,4.81,0.0,0.0,0.0,0.0,0.0,0.0,7.0
4.56,56.96,0.0,16.67,3.99,14.51,0.0,3.31,2.95
11.48,25.98,20.88,0.21,5.12,4.08,32.25,0.0,2.09
55.93,28.44,1.83,1.32,8.03,4.23,0.0,0.22,3.1
81.67,14.04,0.0,0.91,3.28,0.0,0.0,0.1,3.5
21.7,43.78,0.0,13.48,3.99,13.98,0.0,3.07,3.26
0.45,59.91,0.0,13.31,1.44,20.62,0.0,4.28,2.66
94.13,5.87,0.0,0.0,0.0,0.0,0.0,0.0,5.98
3.74,20.07,33.34,4.47,8.73,8.66,21.0,0.0,2.82
24.34,46.22,0.0,15.12,2.2,11.03,0.0,1.09,3.79
97.09,2.91,0.0,0.0,0.0,0.0,0.0,0.0,6.73
51.48,35.82,1.47,3.13,5.46,0.55,0.0,2.09,3.0
56.11,35.23,1.14,2.89,1.41,0.7,0.0,2.53,3.71
90.44,9.56,0.0,0.0,0.0,0.0,0.0,0.0,5.53
92.49,7.51,0.0,0.0,0.0,0.0,0.0,0.0,7.41
9.9,62.39,0.0,13.01,1.24,12.37,0.0,1.1,3.73
71.69,17.21,0.0,3.52,4.88,0.0,0.0,2.7,5.72
36.4,20.9,14.62,3.66,0.78,1.65,21.99,0.0,2.31
37.89,52.7,0.38,0.22,7.66,0.31,0.0,0.84,3.72
94.68,5.32,0.0,0.0,0.0,0.0,0.0,0.0,5.79
85.13,2.86,0.0,3.56,7.39,0.0,0.0,1.06,3.85
87.95,6.19,0.0,1.7,1.89,0.0,0.0,2.27,5.42
98.63,1.37,0.0,0.0,0.0,0.0,0.0,0.0,7.76
17.85,11.04,30.3,0.09,9.68,6.73,24.31,0.0,1.52
84.36,5.8,0.0,3.9,1.64,0.0,0.0,4.31,4.98
92.09,1.99,0.0,1.3,3.9,0.0,0.0,0.72,5.57
51.75,38.38,0.06,2.87,6.1,0.52,0.0,0.31,4.86
21.86,54.63,0.0,11.45,3.74,6.43,0.0,1.88,2.26
32.2,0.93,38.01,1.01,2.91,1.09,23.86,0.0,1.07
42.39,40.18,4.63,0.42,8.76,0.92,0.0,2.7,3.26
20.7,48.93,0.0,13.4,2.02,11.96,0.0,2.98,3.25
79.46,13.7,0.0,2.96,0.73,0.0,0.0,3.16,4.02
2.25,55.01,0.0,17.91,2.21,20.06,0.0,2.58,3.15
98.46,1.54,0.0,0.0,0.0,0.0,0.0,0.0,7.83
74.81,15.72,0.0,1.3,7.3,0.0,0.0,0.88,5.89
4.38,62.38,0.0,18.12,6.72,7.91,0.0,0.5,3.93
2.97,43.53,0.0,26.94,2.06,18.04,0.0,6.47,2.07
28.48,21.86,17.25,5.2,3.26,15.41,8.54,0.0,1.75
13.81,22.4,29.05,0.64,10.8,10.5,12.79,0.0,1.2
29.67,15.17,14.28,2.72,5.17,1.63,31.36,0.0,1.5
88.72,11.28,0.0,0.0,0.0,0.0,0.0,0.0,7.76
91.91,4.53,0.0,0.07,0.45,0.0,0.0,3.04,3.14
30.61,35.92,0.0,6.14,4.94,19.09,0.0,3.31,2.87
44.09,38.73,2.71,3.47,7.29,3.59,0.0,0.11,4.71
78.34,15.7,0.0,1.14,2.57,0.0,0.0,2.24,4.28
99.46,0.54,0.0,0.0,0.0,0.0,0.0,0.0,7.04
89.6,10.4,0.0,0.0,0.0,0.0,0.0,0.0,7.23
42.92,44.72,2.4,4.52,2.52,2.36,0.0,0.56,2.53
44.26,39.27,4.17,1.56,6.37,3.11,0.0,1.25,5.18
81.83,4.36,0.0,4.09,8.6,0.0,0.0,1.13,4.65
2.6,9.31,49.2,6.32,3.19,5.99,23.39,0.0,2.41
80.15,11.61,0.0,0.38,4.92,0.0,0.0,2.94,4.67
89.48,10.52,0.0,0.0,0.0,0.0,0.0,0.0,7.5
77.48,13.55,0.0,4.12,3.79,0.0,0.0,1.07,5.12
84.41,5.1,0.0,2.73,3.61,0.0,0.0,4.15,4.51
55.65,31.72,4.96,1.16,1.0,2.47,0.0,3.04,4.76
18.05,18.2,24.38,4.17,10.19,12.32,12.69,0.0,2.58
1.93,27.35,35.43,4.75,10.37,9.19,10.97,0.0,2.94
99.99,0.01,0.0,0.0,0.0,0.0,0.0,0.0,7.52
94.02,5.98,0.0,0.0,0.0,0.0,0.0,0.0,6.87
94.9,5.1,0.0,0.0,0.0,0.0,0.0,0.0,4.85
82.36,12.26,0.0,0.98,2.72,0.0,0.0,1.69,5.35
85.16,4.71,0.0,3.72,5.94,0.0,0.0,0.47,6.6
12.89,24.44,18.45,1.52,3.79,9.12,29.78,0.0,2.97
20.33,11.9,21.95,5.51,5.64,12.03,22.64,0.0,1.3
23.67,40.58,0.0,15.81,1.13,13.38,0.0,5.42,2.13
44.42,39.86,1.37,1.32,7.26,1.73,0.0,4.04,4.67
93.86,2.74,0.0,0.9,1.53,0.0,0.0,0.97,6.55
12.6,18.28,44.07,0.43,3.12,10.07,11.42,0.0,2.47
42.9,39.86,2.31,0.38,7.93,3.63,0.0,2.99,5.41
91.63,8.37,0.0,0.0,0.0,0.0,0.0,0.0,6.51
49.03,38.34,1.51,2.71,4.96,3.37,0.0,0.08,3.38
16.23,7.84,28.29,3.01,3.4,5.82,35.42,0.0,1.2
23.82,52.34,0.0,6.72,4.26,10.01,0.0,2.84,2.05
12.69,21.25,35.26,0.17,8.75,8.03,13.84,0.0,2.16
3.14,57.81,0.0,13.09,2.34,19.31,0.0,4.31,2.25
4.07,61.92,0.0,15.3,1.4,16.66,0.0,0.65,3.93
51.56,32.03,3.74,3.69,4.77,2.0,0.0,2.22,5.2
93.09,6.91,0.0,0.0,0.0,0.0,0.0,0.0,4.63
3.94,55.38,0.0,18.82,4.98,14.54,0.0,2.34,3.14
92.29,7.71,0.0,0.0,0.0,0.0,0.0,0.0,7.63
42.92,36.58,2.11,2.62,7.84,4.45,0.0,3.47,4.37
82.83,2.49,0.0,4.07,7.52,0.0,0.0,3.09,6.05
99.76,0.24,0.0,0.0,0.0,0.0,0.0,0.0,7.06
97.65,2.35,0.0,0.0,0.0,0.0,0.0,0.0,5.72
84.93,3.51,0.0,4.15,1.74,0.0,0.0,5.67,6.72
7.38,8.86,28.09,7.13,7.14,9.65,31.75,0.0,2.17
4.8,7.27,47.13,5.51,4.03,3.13,28.14,0.0,2.21
21.77,51.57,0.0,12.01,0.12,13.15,0.0,1.39,3.6
97.2,2.8,0.0,0.0,0.0,0.0,0.0,0.0,4.34
55.59,30.97,0.51,0.6,6.61,4.49,0.0,1.25,3.06
47.77,33.33,4.55,2.44,7.69,0.36,0.0,3.84,4.22
